fx: 3500.0728
fy: 3509.9954
cx: 2000.7208
cy: 1097.3422

d:
-0.21881753
1.4870105
-0.013564864
0.0032845382
-5.3666706